0.622
0.626
0.632
0.637
0.645
0.647
0.652
0.654
0.654
0.654
0.656
0.656
0.657
0.657
0.662
0.662
0.663
0.664
0.666
0.666
0.667
0.667
0.667
0.669
0.669
0.67
0.67
0.671
0.673
0.673
0.675
0.678
0.678
0.679
0.681
0.681
0.681
0.682
0.683
0.684
0.686
0.688
0.694
0.694
0.696
0.696
0.698
0.7
0.702
0.702
0.703
0.708
0.709
0.71
0.71
0.711
0.712
0.714
0.718
0.718
0.721
0.724
0.726
0.726
0.727
0.728
0.729
0.73
0.731
0.734
0.735
0.739
0.746
0.746
0.752
0.753
0.8
0.845
